1 0.790179 0.510417 0.169643 0.157738
1 0.650298 0.510417 0.086310 0.163690
1 0.194940 0.909226 0.116071 0.139881
1 0.058036 0.922619 0.116071 0.130952
1 0.281250 0.846726 0.139881 0.163690
0 0.166667 0.760417 0.077381 0.139881
0 0.336310 0.744048 0.119048 0.125000
0 0.822917 0.325893 0.104167 0.163690
1 0.403274 0.492560 0.116071 0.157738
1 0.267857 0.127976 0.119048 0.083333
1 0.711310 0.272321 0.053571 0.145833
1 0.505952 0.125000 0.059524 0.148810
1 0.421131 0.183036 0.092262 0.151786
1 0.373512 0.248512 0.074405 0.116071
1 0.938988 0.232143 0.122024 0.261905