0 0.570437 0.173611 0.096726 0.131448
1 0.507192 0.148810 0.094246 0.200893
1 0.702505 0.046503 0.090526 0.093006
0 0.775670 0.089906 0.073165 0.095486
0 0.714286 0.155630 0.059524 0.135169
0 0.546255 0.078125 0.097966 0.052083
0 0.617560 0.420387 0.071925 0.076885
0 0.491071 0.604539 0.071925 0.085565
0 0.518973 0.484871 0.070685 0.116567
1 0.595238 0.533854 0.116567 0.145089
1 0.496652 0.376364 0.105407 0.159970
1 0.564236 0.721106 0.116567 0.115327
0 0.695685 0.768849 0.054563 0.059524
1 0.378224 0.350322 0.094246 0.182292
1 0.243056 0.337922 0.104167 0.192212
1 0.364583 0.708085 0.054563 0.156250
0 0.321181 0.797991 0.076885 0.152530
0 0.445188 0.648562 0.086806 0.109127
0 0.256696 0.819692 0.069444 0.114087
1 0.130828 0.329861 0.164931 0.146329
0 0.085565 0.496652 0.084325 0.122768