0 0.241330 0.359731 0.073758 0.126812
0 0.355849 0.157220 0.051760 0.071170
0 0.295678 0.309265 0.042702 0.069876
0 0.351967 0.622412 0.056936 0.085404
1 0.368789 0.526656 0.103520 0.150104
1 0.270445 0.513069 0.150104 0.130694
1 0.215450 0.472308 0.076346 0.147516
1 0.139105 0.289208 0.148810 0.239389
1 0.045937 0.328675 0.091874 0.194099
1 0.414079 0.452899 0.090580 0.144928
0 0.644841 0.713046 0.091766 0.116567
0 0.605159 0.793651 0.074405 0.044643
0 0.780010 0.739087 0.062004 0.111607
0 0.829613 0.800471 0.052083 0.093006
0 0.790551 0.941840 0.045883 0.095486
1 0.752728 0.869296 0.106647 0.148810
1 0.858755 0.873016 0.130208 0.126488
1 0.633681 0.957961 0.064484 0.080605
1 0.876116 0.607019 0.090526 0.117808
1 0.713046 0.365823 0.096726 0.121528
1 0.661582 0.465650 0.045883 0.122768
1 0.595238 0.514633 0.089286 0.141369
0 0.517113 0.194692 0.057044 0.121528