0 0.137626 0.840909 0.161616 0.310606
0 0.027146 0.876894 0.049242 0.246212
0 0.027778 0.415404 0.055556 0.113636
0 0.954545 0.796086 0.045455 0.122475
0 0.962121 0.900884 0.058081 0.125000
1 0.390783 0.505682 0.208333 0.380051
1 0.539773 0.409722 0.109848 0.473485
1 0.636364 0.151515 0.255051 0.303030
1 0.877525 0.297980 0.244949 0.313131
1 0.736742 0.731692 0.114899 0.443182
1 0.805556 0.542298 0.196970 0.256313
1 0.611111 0.528409 0.108586 0.377525
1 0.256313 0.284722 0.224747 0.438131
1 0.281566 0.680556 0.123737 0.338384
0 0.210227 0.598485 0.097222 0.343434
0 0.863636 0.784091 0.053030 0.202020
0 0.588384 0.753157 0.101010 0.246212
0 0.109848 0.275884 0.055556 0.422980
0 0.180556 0.188763 0.126263 0.377525
1 0.458333 0.815025 0.116162 0.314394
1 0.947601 0.529040 0.104798 0.247475
0 0.433081 0.481692 0.037879 0.056818
0 0.349747 0.741793 0.037879 0.061869
0 0.285354 0.866793 0.035354 0.066919
0 0.234217 0.894571 0.041667 0.056818
0 0.360480 0.901515 0.056818 0.194444
0 0.912247 0.514520 0.049242 0.069444
0 0.913510 0.453914 0.039141 0.074495