0 0.309949 0.774872 0.126276 0.164541
0 0.170918 0.695791 0.187500 0.116071
0 0.265306 0.572704 0.235969 0.130102
0 0.455995 0.548469 0.168367 0.178571
0 0.640306 0.737245 0.161990 0.188776
0 0.482781 0.839923 0.198980 0.174745
0 0.683036 0.920281 0.147959 0.159438
0 0.704082 0.341837 0.223214 0.109694
0 0.833865 0.232781 0.332270 0.159439
0 0.727041 0.068878 0.218112 0.137755
0 0.293367 0.224490 0.325255 0.076531
0 0.253827 0.108418 0.167092 0.216836
1 0.314413 0.431122 0.170918 0.183673
1 0.388393 0.285714 0.272959 0.112245
1 0.610969 0.123724 0.088010 0.247448
1 0.533801 0.348214 0.181122 0.188776
1 0.727679 0.475128 0.216837 0.195153
1 0.227679 0.912628 0.308673 0.174744
0 0.899554 0.802934 0.200892 0.228316