1 0.797980 0.307449 0.199495 0.246212
1 0.604798 0.140152 0.199495 0.280303
1 0.332071 0.640152 0.169192 0.282828
1 0.271465 0.183081 0.176768 0.366162
0 0.058081 0.237374 0.070707 0.101010
0 0.733586 0.730429 0.050505 0.104798
0 0.627525 0.901515 0.060606 0.103535
0 0.411616 0.914141 0.083333 0.171717
0 0.261364 0.883838 0.037879 0.123737
0 0.177399 0.832071 0.034091 0.085859
1 0.205177 0.481061 0.147727 0.308081
1 0.680556 0.486111 0.161616 0.234848
1 0.477904 0.333965 0.114899 0.382576
1 0.788510 0.516414 0.125000 0.194444
0 0.225379 0.734848 0.039141 0.280303
0 0.800505 0.598485 0.037879 0.154040
0 0.844697 0.594697 0.070707 0.166667
0 0.056187 0.650253 0.112374 0.358586
0 0.660354 0.708965 0.058081 0.152778
0 0.717803 0.811869 0.056818 0.118687
0 0.864268 0.854798 0.064394 0.146465
1 0.352273 0.376263 0.186869 0.310606
1 0.506313 0.065025 0.121212 0.130050
1 0.586490 0.619318 0.125000 0.382576
0 0.155934 0.743056 0.089646 0.205808
0 0.929924 0.218434 0.104798 0.275253
0 0.864268 0.935606 0.046717 0.085859
0 0.820076 0.757576 0.104798 0.217172
1 0.955177 0.579545 0.089646 0.194444
1 0.892045 0.526515 0.089646 0.265152
1 0.945707 0.906566 0.098485 0.186868
0 0.157197 0.154672 0.114899 0.309343
0 0.229167 0.121212 0.064394 0.242424
0 0.702020 0.308081 0.050505 0.270202