1 0.853954 0.298469 0.216837 0.331633
1 0.926339 0.373087 0.147321 0.292092
1 0.424107 0.282526 0.242347 0.266582
1 0.138393 0.230230 0.122449 0.141582
1 0.116390 0.462372 0.232780 0.220663
1 0.766582 0.823980 0.116071 0.352040
0 0.860332 0.877551 0.094388 0.234694
0 0.646046 0.494898 0.262755 0.173469
1 0.852041 0.614796 0.233418 0.196429
0 0.538265 0.676658 0.093112 0.264031
0 0.449617 0.456633 0.150510 0.247449
0 0.366071 0.653699 0.136480 0.218112
0 0.460459 0.784439 0.169643 0.250000
0 0.328444 0.897959 0.191327 0.204082
0 0.188776 0.864158 0.126276 0.271684
0 0.800383 0.102679 0.155612 0.205357
0 0.666454 0.207908 0.071429 0.196429
0 0.698980 0.705357 0.093112 0.272959
0 0.272321 0.551020 0.176020 0.181122
0 0.253827 0.346301 0.067602 0.169643
0 0.230867 0.175383 0.093112 0.197704
0 0.327168 0.095026 0.140306 0.190051