0 0.429924 0.666667 0.448232 0.666666
0 0.898990 0.316288 0.189394 0.632576
0 0.886364 0.572601 0.128788 0.160354
0 0.652778 0.681818 0.090909 0.151515
1 0.823864 0.728535 0.215909 0.255051
1 0.909722 0.875000 0.180556 0.250000
1 0.789141 0.902146 0.080808 0.185606
1 0.696338 0.770202 0.114899 0.255051
1 0.696970 0.928662 0.095960 0.132576
1 0.157828 0.827020 0.186869 0.340909
0 0.278409 0.244318 0.400253 0.486111
0 0.106692 0.563763 0.210859 0.160354
0 0.642045 0.383838 0.200758 0.308081
1 0.780303 0.364899 0.156566 0.212121
0 0.094066 0.848485 0.152778 0.118687