0 0.617424 0.265783 0.381313 0.531566
0 0.425505 0.180556 0.101010 0.085859
0 0.129419 0.351641 0.258838 0.198232
0 0.126894 0.443182 0.253788 0.681818
0 0.495581 0.668561 0.796717 0.531566
1 0.423611 0.423611 0.213384 0.215909
1 0.284722 0.130682 0.183081 0.215909
1 0.392045 0.095328 0.114899 0.185606
1 0.134470 0.134470 0.097222 0.195707
1 0.241162 0.051768 0.239899 0.101010
1 0.782828 0.872475 0.434343 0.255050
1 0.902146 0.649621 0.195707 0.190657
1 0.935606 0.328283 0.128788 0.207071
0 0.923611 0.117424 0.127525 0.106061
1 0.870581 0.120581 0.195707 0.241162