0 0.392045 0.705808 0.165404 0.429293
0 0.664141 0.613005 0.260101 0.327020
0 0.910985 0.773359 0.147727 0.147727
0 0.518308 0.948232 0.059343 0.070707
0 0.602904 0.945707 0.034091 0.040404
0 0.098485 0.788510 0.196970 0.251263
1 0.059975 0.318813 0.117424 0.220960
1 0.066288 0.556818 0.132576 0.262626
1 0.473485 0.351010 0.431818 0.300505
1 0.780303 0.341540 0.439394 0.167929
1 0.905303 0.492424 0.189394 0.260101
1 0.749369 0.130682 0.314394 0.258838
1 0.719697 0.874369 0.237374 0.243687
1 0.919192 0.885101 0.133838 0.184343
1 0.227904 0.929924 0.084596 0.140152
1 0.172980 0.515152 0.159091 0.202020
1 0.234217 0.529672 0.185606 0.172980
1 0.187500 0.672348 0.142677 0.160354