0 0.354798 0.652146 0.252525 0.362374
0 0.663510 0.673611 0.200758 0.415404
0 0.078914 0.898990 0.157828 0.202020
0 0.171086 0.895202 0.107323 0.202020
0 0.550505 0.651515 0.045455 0.068182
0 0.604798 0.956439 0.058081 0.061869
1 0.885732 0.179293 0.130051 0.242424
1 0.935606 0.408460 0.128788 0.281566
1 0.491793 0.333333 0.435606 0.305556
1 0.188763 0.406566 0.377525 0.244949
1 0.100379 0.640783 0.200758 0.233586
1 0.375631 0.907197 0.190657 0.185606
1 0.587121 0.808081 0.116162 0.229798
1 0.905303 0.875000 0.078283 0.207071
1 0.867424 0.580808 0.131313 0.154040
1 0.729167 0.594066 0.203283 0.195707
0 0.959596 0.658460 0.080808 0.276515
1 0.510732 0.784722 0.077020 0.165404
1 0.732323 0.466540 0.123737 0.147727
1 0.833333 0.398990 0.171717 0.181818
1 0.138258 0.194444 0.276515 0.313131