1 0.412247 0.298611 0.382576 0.367424
1 0.833965 0.368687 0.332070 0.244949
1 0.766414 0.069444 0.270202 0.138888
0 0.946338 0.551136 0.107323 0.213384
0 0.633207 0.720960 0.200758 0.146465
0 0.696970 0.625631 0.085859 0.114899
0 0.815025 0.604798 0.084596 0.255051
0 0.315657 0.554293 0.280303 0.295455
0 0.191919 0.328914 0.141414 0.198232
0 0.215909 0.119318 0.431818 0.238636
0 0.125000 0.454545 0.085859 0.085859
0 0.479798 0.571338 0.075758 0.082071
0 0.090278 0.631313 0.142677 0.103535
0 0.119318 0.563131 0.107323 0.068182
1 0.072601 0.488636 0.145202 0.189394
1 0.489899 0.621843 0.151515 0.142677
1 0.848485 0.616793 0.217172 0.180556
1 0.698864 0.251263 0.135101 0.161616
1 0.840909 0.123106 0.318182 0.246212
1 0.554293 0.102273 0.239899 0.204545
1 0.841540 0.811237 0.107323 0.097222
0 0.261364 0.767045 0.118687 0.142677
0 0.419192 0.767045 0.164141 0.157828
0 0.531566 0.775253 0.093434 0.164141
1 0.563763 0.505682 0.210859 0.117424
1 0.945707 0.748106 0.108586 0.104798