0 0.244318 0.736742 0.344697 0.375000
0 0.148990 0.448864 0.161616 0.185606
0 0.056818 0.585859 0.113636 0.106061
0 0.428030 0.782197 0.101010 0.092172
0 0.676768 0.888889 0.111111 0.126263
0 0.955808 0.839015 0.088384 0.223485
0 0.806187 0.871843 0.114899 0.256313
0 0.238636 0.157828 0.477272 0.315656
1 0.837121 0.233586 0.325758 0.209596
0 0.921717 0.066288 0.156566 0.132576
1 0.618687 0.211490 0.176768 0.316919
1 0.861742 0.369949 0.276515 0.234848
1 0.734217 0.438763 0.127525 0.175505
1 0.540404 0.712121 0.227273 0.166667
1 0.040404 0.409091 0.078283 0.118687
1 0.599116 0.953283 0.190657 0.093434
0 0.573232 0.856061 0.106061 0.088384
0 0.177399 0.952652 0.117424 0.092172
0 0.033460 0.795455 0.064394 0.103535
0 0.036616 0.708333 0.070707 0.065657
1 0.414773 0.861111 0.220960 0.151515
1 0.414773 0.462753 0.458333 0.400253