0 0.051768 0.662879 0.073232 0.136364
0 0.208333 0.126894 0.073232 0.066919
0 0.425505 0.469066 0.088384 0.178030
0 0.885732 0.188763 0.107323 0.258838
0 0.400253 0.859848 0.227273 0.280303
0 0.230429 0.782197 0.195707 0.435606
0 0.061869 0.806818 0.123737 0.381313
0 0.196338 0.254419 0.066919 0.162879
0 0.254419 0.505051 0.142677 0.310606
0 0.741162 0.490530 0.181818 0.364899
0 0.756313 0.304924 0.141414 0.304293
1 0.645202 0.570707 0.179293 0.419192
1 0.530934 0.621843 0.137626 0.415404
1 0.402146 0.621212 0.119949 0.272727
1 0.037247 0.150884 0.074494 0.301768
1 0.092172 0.127525 0.088384 0.255050
1 0.701389 0.102273 0.112374 0.204545
1 0.823232 0.128157 0.123737 0.253788
1 0.371843 0.220960 0.077020 0.277778
1 0.898990 0.517677 0.101010 0.416667
1 0.538510 0.066919 0.001263 0.000000
1 0.475379 0.239268 0.102273 0.319444
1 0.068182 0.430556 0.136364 0.383838
1 0.945076 0.576389 0.109848 0.847222