0 0.229798 0.501263 0.113636 0.108586
0 0.160985 0.520833 0.094697 0.114899
0 0.450126 0.571970 0.077020 0.090909
0 0.693182 0.496212 0.078283 0.068182
0 0.527146 0.229798 0.137626 0.138889
0 0.767045 0.679293 0.074495 0.126263
0 0.332702 0.706439 0.109848 0.084596
0 0.521465 0.822601 0.042929 0.069444
0 0.686237 0.860480 0.059343 0.092172
0 0.865530 0.437500 0.268939 0.226010
0 0.088384 0.682449 0.154040 0.109848
1 0.252525 0.587121 0.214646 0.118687
1 0.215909 0.731692 0.156566 0.102273
1 0.224116 0.657828 0.162879 0.068182
1 0.680556 0.604167 0.121212 0.157828
1 0.527778 0.488636 0.151515 0.123737
1 0.453283 0.271465 0.242424 0.169192
1 0.224747 0.214646 0.136364 0.272727
1 0.412879 0.061869 0.295455 0.123737
1 0.957071 0.600379 0.083333 0.203283
1 0.863636 0.574495 0.113636 0.090909
1 0.887626 0.736742 0.095960 0.099747
1 0.821970 0.688763 0.075758 0.104798
1 0.604167 0.406566 0.125000 0.118687