1 0.434343 0.244318 0.184343 0.157828
1 0.905303 0.164141 0.189394 0.118687
1 0.786616 0.450758 0.174242 0.121212
1 0.515152 0.394571 0.169192 0.117424
1 0.388889 0.636995 0.118687 0.097222
0 0.374369 0.573864 0.094697 0.079545
0 0.326389 0.600379 0.064394 0.069444
0 0.066919 0.561237 0.058081 0.064394
0 0.525253 0.594697 0.047980 0.058081
0 0.467803 0.647727 0.066919 0.060606
0 0.468434 0.706439 0.055556 0.036616
0 0.478535 0.649621 0.027778 0.021465
0 0.745581 0.628157 0.066919 0.074495
1 0.075758 0.653409 0.093434 0.077020
1 0.150253 0.580808 0.073232 0.065657
1 0.162247 0.650884 0.077020 0.079545
1 0.291667 0.715278 0.083333 0.079545
1 0.928662 0.736742 0.077020 0.069444
1 0.839015 0.644571 0.066919 0.061869
1 0.748106 0.702020 0.061869 0.065657
1 0.686237 0.585227 0.061869 0.117424
1 0.900253 0.498737 0.083333 0.106061
1 0.873737 0.413510 0.103535 0.107323
1 0.950126 0.561237 0.089646 0.107323
1 0.864899 0.546086 0.073232 0.099747
0 0.626894 0.707702 0.061869 0.054293
0 0.636364 0.770202 0.060606 0.037879
0 0.712121 0.755682 0.050505 0.056818
0 0.845960 0.715278 0.022727 0.026515
0 0.212121 0.613005 0.075758 0.074495