0 0.870581 0.118687 0.258838 0.237374
0 0.367424 0.877525 0.106061 0.242424
0 0.448232 0.628157 0.078283 0.203283
0 0.560606 0.585227 0.136364 0.190657
0 0.943182 0.703283 0.113636 0.207071
0 0.766414 0.929293 0.060606 0.133838
0 0.280934 0.878788 0.082071 0.108586
0 0.154040 0.376894 0.244949 0.289141
1 0.134470 0.119949 0.268939 0.239898
1 0.600379 0.349116 0.190657 0.284091
1 0.691288 0.638889 0.056818 0.330808
1 0.835227 0.400884 0.205808 0.236111
1 0.838384 0.504419 0.159091 0.137626
0 0.950758 0.511364 0.060606 0.108586
1 0.803662 0.684343 0.147727 0.194444
1 0.518308 0.674874 0.155303 0.273990
0 0.174874 0.864899 0.097222 0.131313
0 0.077652 0.767677 0.137626 0.148990
1 0.474747 0.469066 0.123737 0.130051