1 0.737374 0.094066 0.176768 0.188131
1 0.622475 0.179293 0.095960 0.358586
1 0.821338 0.412879 0.238636 0.297980
1 0.874369 0.303662 0.251262 0.195707
1 0.155934 0.247475 0.311868 0.494949
1 0.392677 0.159091 0.189394 0.318182
0 0.888258 0.794192 0.223484 0.411616
0 0.470960 0.244318 0.128788 0.210859
0 0.088384 0.542929 0.176768 0.361111
0 0.131944 0.849747 0.263888 0.292929
0 0.849116 0.159722 0.104798 0.127525
0 0.915404 0.080177 0.169192 0.160354
1 0.590909 0.216540 0.199495 0.231061
1 0.426136 0.380682 0.183081 0.152778
1 0.253157 0.626263 0.132576 0.406566