0 0.832702 0.843434 0.223485 0.313131
0 0.255051 0.570707 0.196970 0.237374
0 0.580177 0.408460 0.104798 0.150253
0 0.110480 0.375000 0.077020 0.111111
0 0.109848 0.496212 0.060606 0.128788
0 0.023359 0.419823 0.046717 0.097222
0 0.421086 0.172348 0.094697 0.205808
0 0.904672 0.304924 0.135101 0.162879
0 0.880051 0.205177 0.045455 0.056818
0 0.738636 0.129419 0.037879 0.112374
0 0.078914 0.166035 0.061869 0.135101
1 0.798611 0.552399 0.160354 0.185606
1 0.620581 0.591540 0.180556 0.236111
1 0.682449 0.360480 0.044192 0.289141
1 0.778409 0.327652 0.117424 0.152778
1 0.674874 0.395202 0.117424 0.171717
1 0.527778 0.317551 0.148990 0.208333
1 0.339015 0.368687 0.248737 0.353535
0 0.491793 0.377525 0.046717 0.174242
1 0.051768 0.340278 0.103535 0.117424
1 0.145202 0.259470 0.113636 0.147727
1 0.197601 0.842803 0.289141 0.314394
0 0.066919 0.481692 0.047980 0.157828
0 0.893939 0.469066 0.053030 0.104798
1 0.843434 0.514520 0.174242 0.193182
1 0.834596 0.341540 0.093434 0.170455
1 0.036616 0.553030 0.073232 0.217172