0 0.059975 0.648359 0.119949 0.228535
0 0.236111 0.292298 0.121212 0.180556
0 0.144571 0.182449 0.064394 0.094697
0 0.403409 0.227273 0.089646 0.176768
0 0.389520 0.071338 0.066919 0.089646
0 0.323864 0.036616 0.061869 0.073232
0 0.134470 0.047980 0.044192 0.095960
0 0.664141 0.632576 0.101010 0.174242
1 0.238636 0.720960 0.229798 0.494949
1 0.386364 0.628157 0.025253 0.387626
1 0.372475 0.446970 0.166667 0.196970
1 0.532197 0.324495 0.097222 0.363636
1 0.645833 0.431818 0.258838 0.305556
1 0.906566 0.311869 0.186868 0.272727
1 0.806187 0.154672 0.132576 0.200758
1 0.681818 0.179293 0.126263 0.229798
1 0.526515 0.152146 0.181818 0.301768
1 0.128788 0.424242 0.227273 0.250000