0 0.432449 0.330808 0.306818 0.209596
0 0.348485 0.490530 0.118687 0.109848
0 0.580808 0.563763 0.156566 0.142677
0 0.762626 0.458333 0.151515 0.257576
0 0.885732 0.579545 0.150253 0.252525
0 0.497475 0.739899 0.126263 0.131313
0 0.562500 0.720960 0.064394 0.075758
0 0.605429 0.704545 0.071970 0.058081
0 0.667298 0.765783 0.049242 0.054293
0 0.564394 0.835227 0.083333 0.054293
1 0.919823 0.724116 0.160354 0.455808
1 0.969066 0.858586 0.061868 0.282828
1 0.070076 0.699495 0.140152 0.214646
1 0.096591 0.948232 0.185606 0.103535
1 0.261364 0.895833 0.121212 0.104798
1 0.337121 0.855429 0.133838 0.109848
1 0.346591 0.754419 0.130051 0.127525
1 0.302399 0.623737 0.094697 0.133838
1 0.273359 0.531566 0.150253 0.239899
0 0.188131 0.766414 0.232323 0.219697
0 0.739268 0.613005 0.094697 0.198232
0 0.719066 0.854167 0.066919 0.089646
0 0.477273 0.549874 0.126263 0.185606
1 0.795455 0.332071 0.303030 0.267677