1 0.523990 0.853535 0.166667 0.229798
1 0.674242 0.823864 0.070707 0.114899
1 0.811869 0.796086 0.118687 0.135101
1 0.923611 0.791667 0.097222 0.123737
1 0.973485 0.912879 0.053030 0.143939
1 0.873106 0.907828 0.074495 0.108586
1 0.401515 0.705808 0.111111 0.141414
0 0.256313 0.792929 0.161616 0.204545
0 0.734848 0.400884 0.267677 0.233586
0 0.879419 0.539141 0.145202 0.131313
0 0.226641 0.337121 0.155303 0.141414
0 0.375000 0.327020 0.136364 0.161616
0 0.511364 0.364268 0.174242 0.195707
0 0.566919 0.573864 0.148990 0.226010
0 0.643939 0.700126 0.164141 0.119949
0 0.679293 0.582071 0.171717 0.128788
0 0.491162 0.677399 0.068182 0.066919
0 0.327020 0.635732 0.080808 0.069444
0 0.054924 0.671717 0.082071 0.113636
0 0.521465 0.747475 0.085859 0.131313
1 0.152146 0.537879 0.223485 0.199495
0 0.399621 0.576389 0.082071 0.215909
0 0.265783 0.632576 0.089646 0.148990
0 0.964015 0.502525 0.069444 0.174242
1 0.758207 0.648990 0.077020 0.118687
1 0.755051 0.569444 0.108586 0.108586
1 0.936237 0.365530 0.127525 0.195707