0 0.169192 0.704545 0.070707 0.123737
0 0.055556 0.540404 0.050505 0.098485
0 0.316288 0.179924 0.031566 0.077020
0 0.377525 0.540404 0.166667 0.325758
0 0.976010 0.232955 0.047980 0.231061
0 0.485480 0.139520 0.087121 0.157828
0 0.148990 0.838384 0.176768 0.323232
0 0.214015 0.633207 0.087121 0.531566
1 0.591540 0.283460 0.104798 0.337121
1 0.116793 0.203283 0.152778 0.287879
1 0.203914 0.150884 0.092172 0.301768
1 0.023990 0.424874 0.047980 0.337121
1 0.929924 0.135101 0.140152 0.270202
1 0.763889 0.613005 0.159091 0.422980
0 0.336490 0.813131 0.170455 0.373737
0 0.316288 0.309343 0.082071 0.186869
0 0.872475 0.325758 0.126263 0.242424
0 0.865530 0.535985 0.165404 0.344697
0 0.515783 0.889520 0.213384 0.220960
0 0.610480 0.909722 0.099747 0.180556
0 0.600379 0.727904 0.137626 0.314394
1 0.152778 0.499369 0.169192 0.420455
1 0.400253 0.505682 0.080808 0.513889