1 0.211490 0.122475 0.084596 0.095960
1 0.272727 0.201389 0.088384 0.089646
1 0.323864 0.065657 0.077020 0.095960
1 0.337121 0.114268 0.035354 0.082071
1 0.325758 0.186237 0.032828 0.084596
1 0.383207 0.153409 0.054293 0.094697
1 0.504419 0.109217 0.135101 0.167929
1 0.844066 0.314394 0.178030 0.169192
1 0.050505 0.560606 0.101010 0.169192
0 0.695076 0.254419 0.061869 0.071970
0 0.559975 0.245581 0.056818 0.061869
0 0.805556 0.489268 0.133838 0.117424
0 0.580808 0.504419 0.141414 0.167929
0 0.695707 0.513258 0.095960 0.130051
0 0.398990 0.498737 0.191919 0.169192
0 0.253157 0.411616 0.125000 0.118687
0 0.175505 0.467803 0.123737 0.155303
0 0.056187 0.388889 0.112374 0.214646
0 0.068813 0.200126 0.135101 0.094697
0 0.068182 0.089015 0.088384 0.092172
0 0.094697 0.044823 0.042929 0.087121
0 0.167929 0.102904 0.070707 0.084596
0 0.502525 0.349116 0.138889 0.162879
0 0.650253 0.313131 0.063131 0.176768
0 0.414773 0.253157 0.122475 0.102273
0 0.908460 0.190025 0.044192 0.087121
0 0.739899 0.256313 0.063131 0.121212
0 0.434975 0.366162 0.195707 0.128788
1 0.712753 0.123737 0.125000 0.156566
0 0.514520 0.198864 0.079545 0.125000
0 0.330177 0.308081 0.056818 0.103535
1 0.875000 0.186237 0.141414 0.102273
1 0.181187 0.212753 0.094697 0.097222
0 0.960227 0.186869 0.079545 0.126263
0 0.246843 0.737374 0.175505 0.237374
1 0.234848 0.575126 0.101010 0.185606
1 0.086490 0.724747 0.170455 0.169192