1 0.336490 0.643939 0.175505 0.123737
1 0.647096 0.708965 0.213384 0.162879
1 0.042929 0.224747 0.080808 0.106061
1 0.037879 0.352904 0.063131 0.094697
1 0.087121 0.441288 0.128788 0.107323
1 0.798611 0.238636 0.064394 0.065657
1 0.874369 0.246843 0.044192 0.092172
1 0.837753 0.319444 0.079545 0.078283
1 0.756944 0.305556 0.084596 0.085859
1 0.703283 0.243687 0.030303 0.083333
1 0.712121 0.182449 0.068182 0.074495
1 0.563763 0.246843 0.112374 0.160354
1 0.464015 0.318813 0.084596 0.094697
1 0.284722 0.419192 0.140152 0.138889
1 0.250000 0.311869 0.118687 0.088384
1 0.106692 0.193813 0.049242 0.109848
1 0.205177 0.229798 0.049242 0.065657
0 0.267045 0.213384 0.069444 0.073232
0 0.246843 0.183712 0.041667 0.071970
0 0.160354 0.316288 0.146465 0.102273
0 0.171717 0.412247 0.108586 0.059343
0 0.319444 0.561869 0.111111 0.101010
0 0.234848 0.579545 0.063131 0.118687
0 0.413510 0.570076 0.082071 0.112374
0 0.511995 0.565025 0.127525 0.142677
0 0.778409 0.475379 0.107323 0.117424
0 0.664773 0.559343 0.178030 0.148990
0 0.795455 0.738005 0.136364 0.172980
0 0.944444 0.450126 0.111111 0.167929
0 0.923611 0.294823 0.114899 0.079545
0 0.925505 0.199495 0.080808 0.060606
0 0.893939 0.161616 0.032828 0.088384
0 0.571338 0.428662 0.112374 0.145202
0 0.444444 0.410985 0.050505 0.160354
0 0.413510 0.364268 0.049242 0.054293
0 0.385101 0.268308 0.118687 0.165404
0 0.143308 0.229167 0.046717 0.051768
0 0.364268 0.359217 0.056818 0.099747
0 0.643308 0.433081 0.122475 0.080808
0 0.633207 0.356692 0.107323 0.094697
0 0.530303 0.349747 0.053030 0.055556
0 0.638258 0.212121 0.044192 0.050505
0 0.842803 0.527146 0.114899 0.130051
1 0.948232 0.616793 0.103535 0.172980