1 0.045455 0.282828 0.090909 0.085859
1 0.093434 0.166035 0.045455 0.097222
1 0.061237 0.095328 0.087121 0.092172
1 0.150884 0.199495 0.077020 0.083333
1 0.290404 0.121212 0.186869 0.194444
1 0.735480 0.157197 0.127525 0.175505
1 0.634470 0.197601 0.056818 0.089646
1 0.445707 0.220960 0.116162 0.133838
1 0.407828 0.109217 0.037879 0.082071
0 0.095328 0.885732 0.180556 0.228535
0 0.059975 0.535985 0.119949 0.165404
0 0.227273 0.609848 0.242424 0.214646
0 0.446970 0.578914 0.179293 0.170455
0 0.335859 0.402146 0.196970 0.165404
0 0.217172 0.310606 0.146465 0.113636
0 0.216540 0.428662 0.167929 0.102273
0 0.714015 0.515783 0.160354 0.127525
0 0.588384 0.562500 0.095960 0.152778
0 0.490530 0.347222 0.084596 0.217172
0 0.537879 0.270833 0.070707 0.077020
0 0.371212 0.274621 0.095960 0.069444
0 0.330808 0.230429 0.154040 0.160354
0 0.886995 0.125631 0.183081 0.180556
0 0.556187 0.097854 0.150253 0.183081
0 0.884470 0.267045 0.142677 0.112374
0 0.107323 0.402146 0.075758 0.102273