0 0.290404 0.294823 0.222222 0.231061
0 0.089015 0.335227 0.178030 0.299242
0 0.291667 0.652146 0.292929 0.228535
0 0.193182 0.642045 0.255051 0.382576
0 0.164141 0.468434 0.154040 0.164141
0 0.465909 0.791035 0.214646 0.321970
1 0.518939 0.481061 0.467172 0.388889
1 0.837121 0.392677 0.310606 0.285354
1 0.719066 0.798611 0.142677 0.377525
1 0.618687 0.821970 0.116162 0.267677
1 0.916667 0.830808 0.166666 0.338384
1 0.801768 0.772727 0.171717 0.454545
1 0.956439 0.525884 0.087121 0.372475
0 0.844066 0.044823 0.185606 0.089646
0 0.726010 0.163510 0.063131 0.084596
0 0.680556 0.252525 0.058081 0.078283