0 0.693813 0.399621 0.046717 0.071970
0 0.611742 0.868056 0.069444 0.114899
0 0.885732 0.228535 0.210859 0.202020
0 0.364899 0.632576 0.194444 0.330808
0 0.737374 0.641414 0.095960 0.217172
0 0.563763 0.589646 0.092172 0.383838
0 0.747475 0.847222 0.095960 0.244949
1 0.859848 0.773359 0.148990 0.453282
1 0.109848 0.467803 0.164141 0.387626
1 0.203283 0.669192 0.113636 0.371212
1 0.294823 0.419192 0.215909 0.181818
1 0.273990 0.847222 0.179293 0.219697
1 0.430556 0.873106 0.148990 0.253788
1 0.568813 0.824495 0.104798 0.277778
1 0.664773 0.715909 0.112374 0.348485
0 0.107955 0.687500 0.074495 0.094697
0 0.491162 0.508838 0.166667 0.330808