1 0.794010 0.339242 0.179707 0.194377
1 0.834963 0.161369 0.151589 0.124694
1 0.291565 0.090465 0.099022 0.161369
0 0.569682 0.597188 0.151589 0.157702
0 0.885697 0.646699 0.179707 0.224939
1 0.124083 0.144866 0.121027 0.152812
1 0.605134 0.224328 0.088020 0.179707
1 0.286675 0.326406 0.165037 0.173594
1 0.109413 0.355134 0.133252 0.187042
1 0.486553 0.102689 0.063570 0.073350
1 0.412592 0.185819 0.072127 0.107579
0 0.721883 0.066626 0.174817 0.133252
1 0.172983 0.807457 0.177262 0.187042
0 0.484108 0.248166 0.083130 0.212714
1 0.725550 0.544010 0.096577 0.090465
1 0.070293 0.461491 0.138142 0.157702
1 0.449267 0.383863 0.133252 0.224939