1 0.745721 0.878973 0.144254 0.198044
1 0.838631 0.107579 0.085575 0.205379
1 0.765892 0.349633 0.150367 0.168704
1 0.941320 0.436430 0.117359 0.161369
1 0.235330 0.058068 0.138142 0.116136
1 0.470660 0.161980 0.097800 0.201711
0 0.079462 0.234719 0.151589 0.286064
0 0.400978 0.554401 0.198044 0.133252
0 0.646088 0.670538 0.155257 0.213936
1 0.957213 0.227384 0.085574 0.195599
1 0.249389 0.242665 0.193154 0.182152
1 0.251222 0.468215 0.130807 0.134474
1 0.630807 0.074572 0.053790 0.078240
1 0.679707 0.180318 0.085575 0.091687
1 0.922372 0.578240 0.155256 0.154034
0 0.421149 0.406479 0.216381 0.177262