0 0.430556 0.266414 0.055556 0.133838
0 0.229798 0.949495 0.232323 0.101010
1 0.621843 0.210227 0.165404 0.314394
1 0.794192 0.231061 0.176768 0.244949
1 0.116793 0.135101 0.175505 0.270202
1 0.828283 0.691919 0.255051 0.191919
1 0.171717 0.388889 0.128788 0.522727
0 0.049242 0.444444 0.095960 0.446970
0 0.297348 0.312500 0.130051 0.266414
0 0.857323 0.068813 0.037879 0.137626
0 0.261364 0.724747 0.138889 0.128788
1 0.082071 0.678030 0.164141 0.222222
1 0.056187 0.849747 0.112374 0.300505
1 0.111111 0.884470 0.090909 0.231060
0 0.513258 0.558081 0.132576 0.406566
0 0.726010 0.510732 0.224747 0.392677
0 0.814394 0.440657 0.126263 0.282828
1 0.481061 0.323232 0.083333 0.388889
1 0.430556 0.104167 0.095960 0.203283
1 0.510732 0.121843 0.061869 0.243686
1 0.904040 0.412879 0.138889 0.386364
1 0.924242 0.111742 0.116162 0.223484
1 0.388258 0.418561 0.147727 0.324495
0 0.622475 0.628788 0.199495 0.383838