0 0.487374 0.709596 0.055556 0.103535
0 0.087121 0.867424 0.037879 0.146465
0 0.724747 0.083965 0.207071 0.167929
0 0.237374 0.485480 0.184343 0.321970
0 0.157197 0.518308 0.097222 0.248737
1 0.166035 0.285985 0.218434 0.170455
1 0.073864 0.539141 0.097222 0.340909
1 0.033460 0.375000 0.066919 0.439394
0 0.349116 0.368687 0.152778 0.318182
0 0.440025 0.441919 0.087121 0.351010
0 0.438131 0.638889 0.083333 0.320707
1 0.531566 0.565025 0.123737 0.309343
1 0.911616 0.810606 0.083333 0.366162
0 0.965278 0.741793 0.064394 0.180556
1 0.044823 0.834596 0.089646 0.250000
1 0.310606 0.741162 0.151515 0.275253
1 0.715278 0.628157 0.114899 0.455808
1 0.736111 0.860480 0.148990 0.279040
0 0.838384 0.595328 0.068182 0.402778
0 0.548611 0.264520 0.034091 0.069444
1 0.604798 0.686237 0.118687 0.243687
1 0.442551 0.853535 0.145202 0.292929
1 0.863636 0.345960 0.207071 0.310606