0 0.732885 0.121027 0.231051 0.242054
1 0.560513 0.450489 0.111247 0.179707
0 0.937042 0.763447 0.116137 0.213936
1 0.899144 0.918704 0.123472 0.162592
1 0.353301 0.500611 0.044010 0.116137
1 0.359413 0.361858 0.124694 0.173594
1 0.437042 0.852689 0.084352 0.182152
1 0.859413 0.398533 0.146699 0.215159
1 0.124083 0.327017 0.145477 0.243276
1 0.077628 0.888142 0.059902 0.103912
1 0.404034 0.071516 0.121027 0.143032
1 0.283007 0.083130 0.152812 0.166259
1 0.166259 0.555012 0.090465 0.107579
1 0.595966 0.602078 0.157702 0.179707
1 0.762225 0.695599 0.077017 0.136919