1 0.231663 0.819682 0.162592 0.270171
1 0.585575 0.500611 0.146699 0.155257
1 0.543399 0.540342 0.030562 0.078240
1 0.537286 0.638142 0.099022 0.132029
1 0.394866 0.558068 0.068460 0.135697
0 0.168704 0.176650 0.073350 0.143032
0 0.122249 0.307457 0.102689 0.152812
1 0.875306 0.426650 0.100244 0.134474
0 0.850244 0.324572 0.057457 0.118582
1 0.766504 0.275672 0.044010 0.084352
1 0.963936 0.360024 0.067237 0.121027
0 0.918093 0.205379 0.095355 0.112469
0 0.770171 0.174205 0.068460 0.113692
0 0.938264 0.780562 0.123472 0.211491
0 0.843521 0.087408 0.090465 0.123472
0 0.510391 0.109413 0.059902 0.128362