0 0.590909 0.829545 0.042929 0.128788
0 0.532828 0.740530 0.090909 0.445707
0 0.480429 0.529672 0.152778 0.415404
0 0.170455 0.658460 0.146465 0.286616
1 0.851010 0.686869 0.138889 0.553030
1 0.135101 0.388258 0.265152 0.205808
1 0.206439 0.885732 0.167929 0.228535
1 0.388889 0.863005 0.171717 0.263889
1 0.551768 0.196338 0.136364 0.390152
0 0.758207 0.061869 0.256313 0.123737
0 0.753788 0.333965 0.136364 0.150253
0 0.678662 0.548611 0.079545 0.256313
1 0.922348 0.383207 0.155303 0.226010
1 0.944444 0.250000 0.103535 0.204545
0 0.380682 0.441919 0.233586 0.368687
0 0.258838 0.604167 0.260101 0.372475
1 0.063131 0.691919 0.118687 0.406566
0 0.737374 0.775884 0.128788 0.276515