1 0.590774 0.568452 0.169643 0.125000
1 0.936012 0.415179 0.127976 0.145833
1 0.723214 0.421131 0.148810 0.157738
1 0.464286 0.459821 0.244048 0.169643
1 0.791667 0.785714 0.005952 0.005952
0 0.261905 0.424107 0.148810 0.139881
1 0.857143 0.285714 0.089286 0.178571
1 0.703869 0.790179 0.002976 0.002976
0 0.159226 0.617560 0.205357 0.151786
0 0.436012 0.595238 0.074405 0.196429
0 0.547619 0.717262 0.190476 0.202381
0 0.839286 0.455357 0.142857 0.125000
0 0.712798 0.296131 0.211310 0.133929
1 0.418155 0.824405 0.330357 0.166667
0 0.328869 0.657738 0.205357 0.142857
0 0.324405 0.590774 0.154762 0.104167