1 0.397727 0.526515 0.214646 0.542929
1 0.645202 0.363636 0.209596 0.462121
0 0.729167 0.431818 0.104798 0.227273
0 0.126263 0.085227 0.047980 0.160354
0 0.086490 0.313131 0.132576 0.219697
1 0.578283 0.798611 0.181818 0.395202
1 0.059975 0.670455 0.119949 0.325758
1 0.823232 0.507576 0.186869 0.409091
1 0.796717 0.795455 0.174242 0.290404
0 0.202652 0.397727 0.150253 0.275253
0 0.422980 0.223485 0.040404 0.058081
0 0.238005 0.795455 0.092172 0.404040
0 0.497475 0.060606 0.078283 0.121212
0 0.418561 0.059343 0.069444 0.118686